0.247855 0.0543512 1.81063
6.60871 0.435747 14.451
0.0599306 0.0521792 0.386052
1.8502e-13 7.83195e-13 2.27773e-12
1.8502e-13 7.83195e-13 2.27773e-12
0.0109648 0.0746804 0.358412
0.0365904 -0.00147892 0.138895
2.2184 -1.25546 7.68666
-0.171048 0.24498 2.25691
-134.314 -125.872 21.5552
148.801 -11.1401 21.1084
-1.02692 -393.082 20.1884
62784.5 4599 21.7136
-1113.35 8551.12 21.6421
-1090.13 23.9397 20.4562
20340 92.6395 21.5276
-613.306 -2285.1 21.4568
40.0635 29080.3 21.2463
3034.24 -30749.1 21.1711
37221.2 1.74412e-05 20.8748
37221.2 1.74412e-05 20.8748
-380.178 -1065.07 20.7702
90633 32217.5 21.7114
9.61906e-15 1233.14 20.4438
0.0207262 0.0480048 0.219245
-24877.7 1258.25 21.7207
-0.000505963 0.0209465 0.0709107
-29971 23426.8 21.0748
-2446.55 52757.1 21.7309
2115.86 6569.27 21.4312
6810.07 7976.17 20.6994
5830.3 -2.9314e-06 21.3044
5830.3 -2.9314e-06 21.3044
-3563.43 9981.01 21.6702
-3563.43 9981.01 21.6702
0.00377365 0.00364837 0.0155797
-30.9379 -4389.96 20.1452
31754.3 33458.2 21.7065
-1.68062e-10 24674.5 21.7064
-2457.14 -2254.34 21.6631
-12458.1 -2986.81 20.9799
32299.4 -87548.9 21.6559
6705.88 -19829.9 20.4791
-5046.12 -2571.51 21.8435
3.35183e-20 -8.05189e-19 4.44089e-16
-4506.64 179.965 21.5449
1129.31 -11739.1 21.4266
32759.6 287.868 21.7208
5.31369 -0.000627785 11.9279
-3993.78 -9239.22 21.5086
-7782.05 180.797 20.8619
-65622.1 0.00311851 20.4536
9886.74 -35810.2 21.5051
9886.74 -35810.2 21.5051
-121.019 33167.6 21.6647
40.0309 12.7554 21.0047
8832.77 0.0557274 20.9901
16087.4 32542.1 21.7391
1.46285e-30 -5.30013e-30 4.44089e-16
-1958.27 -738.836 21.4976
7675.23 3859.26 21.6612
3992.49 -12029 21.7308
42799.9 2522.95 20.2338
-0.0140006 -0.000287489 0.0448215
823.823 74013.7 21.5931
5210.99 -1501.87 20.3998
93989.1 1219.93 20.2396
35685.2 -23637 20.907
4770.88 -36951.8 21.1898
66.5222 145.032 21.7238
23654.1 8130.6 21.6817
22545.1 32157.1 20.5753
-34502.3 -1935.15 21.4325
-68458.4 -0.0414387 21.5207
826.904 3213.61 21.6907
965.563 51.0415 21.6958
-2418.7 -7612.18 21.6725
34741.2 2726.77 21.5467
-5730.9 -39333.1 20.7026
-9068.89 -80.1337 20.6475
209.065 -3990.3 21.3722
9943.54 -64172.9 21.7344
-10640.6 -1796.09 21.7594
-123.076 -34.0882 20.3347
1.47176e-06 -9.3775e-05 0.000265503
14540.7 -83268.9 21.4656
18049.9 -14144.3 21.6483
0.482797 -0.969165 4.56426
5924.62 11700.9 21.6071
-0.540153 -5.9667e-05 3.17322
61772.6 -78213.1 21.6706
-2.672 372.065 21.4683
-3446.97 -2072.05 20.0938
-11240 -4243.38 21.581
1585.15 -11377.6 21.7386
-377.192 22638.1 20.8954
0 47709.3 21.3928
0 47709.3 21.3928
-1571.93 -2223.24 21.0731
-642.869 57522.7 21.6676
